1 0.956567 0.464071 0.035384 0.021734
1 0.673770 0.528965 0.013433 0.040653
1 0.550720 0.486446 0.020114 0.035762
1 0.344295 0.513592 0.050279 0.034095
1 0.202696 0.513800 0.031804 0.039500
1 0.391873 0.405685 0.022024 0.021057
1 0.409616 0.331714 0.012839 0.018676
1 0.656686 0.337707 0.012102 0.022807
1 0.608945 0.356064 0.012607 0.018797
1 0.628486 0.310642 0.013507 0.020173
1 0.598050 0.314325 0.011346 0.017931
1 0.058002 0.380341 0.013284 0.028505
1 0.053123 0.324083 0.011064 0.020374
1 0.080519 0.212083 0.019423 0.025603
