0 0.519111 0.494803 0.028723 0.042132
0 0.520231 0.455457 0.028465 0.018533
0 0.639091 0.575198 0.018925 0.072105
0 0.681504 0.596829 0.021967 0.049272
0 0.609689 0.567386 0.016222 0.054079
0 0.719017 0.440901 0.010477 0.031847
0 0.626068 0.717580 0.030418 0.065673
0 0.554523 0.726410 0.021417 0.052428
0 0.523419 0.713919 0.017650 0.084827
0 0.711618 0.669104 0.021499 0.033703
0 0.768130 0.686978 0.028459 0.038552
0 0.510497 0.363539 0.027302 0.042764
0 0.408319 0.514659 0.012590 0.041030
0 0.431514 0.463183 0.025356 0.033239
0 0.365868 0.557933 0.041042 0.036295
0 0.346342 0.351384 0.013532 0.048472
0 0.253782 0.148372 0.019015 0.046735
0 0.581351 0.085913 0.019116 0.037662
0 0.837835 0.203968 0.009382 0.046507
0 0.831580 0.077338 0.011657 0.042968
0 0.864334 0.010618 0.030963 0.017579
0 0.940635 0.223029 0.024018 0.031833
0 0.813559 0.268838 0.015284 0.038045
0 0.709846 0.241275 0.013974 0.035715
0 0.402313 0.139507 0.022651 0.019130
0 0.875261 0.606756 0.020931 0.029462
0 0.680966 0.132247 0.018232 0.035579
0 0.735663 0.112481 0.018232 0.046649
