1 0.866351 0.472504 0.035799 0.036467
1 0.572458 0.548661 0.019675 0.042201
1 0.457964 0.497071 0.018858 0.037361
1 0.236466 0.513988 0.041845 0.033770
1 0.136008 0.467554 0.027303 0.034826
1 0.292705 0.407137 0.020774 0.018468
1 0.023845 0.336770 0.014133 0.027372
1 0.023845 0.300199 0.013124 0.019744
1 0.075961 0.197890 0.016909 0.021539
1 0.357614 0.307603 0.013376 0.019295
1 0.560558 0.373389 0.008783 0.023677
1 0.599941 0.353742 0.022383 0.019647
1 0.589600 0.321250 0.011900 0.020150
1 0.558858 0.319991 0.014450 0.019647
