0 0.403027 0.493733 0.044993 0.041427
0 0.531190 0.458985 0.024460 0.079415
0 0.605766 0.422761 0.025562 0.054360
0 0.662653 0.442812 0.019547 0.041884
0 0.461543 0.378872 0.033832 0.027180
0 0.541112 0.578159 0.019556 0.070074
0 0.507266 0.586450 0.037908 0.046003
0 0.656491 0.595811 0.027077 0.065795
0 0.746447 0.539645 0.016246 0.045468
0 0.711698 0.477595 0.015344 0.044398
0 0.809476 0.551948 0.020759 0.049747
0 0.725265 0.074466 0.018429 0.045426
0 0.854058 0.049146 0.020523 0.042447
0 0.837305 0.102019 0.012984 0.046916
0 0.940212 0.118771 0.032336 0.024997
0 0.549235 0.331669 0.033034 0.041201
0 0.473553 0.282140 0.032541 0.035065
0 0.387271 0.368049 0.011833 0.038571
0 0.325148 0.302741 0.010847 0.065746
0 0.228061 0.082551 0.015546 0.051966
0 0.740655 0.290978 0.011260 0.034771
0 0.926234 0.378554 0.017901 0.028292
0 0.429317 0.064526 0.011510 0.025187
0 0.334026 0.638494 0.040307 0.032021
