1 0.985804 0.538294 0.027516 0.037336
1 0.875298 0.530080 0.031203 0.035460
1 0.665029 0.530793 0.035365 0.053316
1 0.687771 0.444198 0.016439 0.020487
1 0.478101 0.617368 0.040890 0.045156
1 0.285988 0.440793 0.016044 0.034596
1 0.259570 0.346329 0.017019 0.023485
1 0.236742 0.215848 0.014796 0.026999
1 0.503759 0.166351 0.012769 0.017481
1 0.637947 0.352617 0.019363 0.021007
1 0.696553 0.262663 0.014185 0.016377
1 0.779776 0.297993 0.012651 0.014264
1 0.786025 0.283866 0.018668 0.014539
1 0.791328 0.268238 0.010404 0.015083
